********************* game.txt ********************

INITIAL BOARD: 

|  .  .  .  .  |  .  .  .  .  |  .  .  .  .  | 
|  .  .  .  .  |  .  .  .  .  |  .  .  .  .  | 
|  .  .  .  .  |  .  .  .  .  |  .  .  .  .  | 
----------------------------------------------
|  .  .  .  .  |  .  .  .  .  |  .  .  .  .  | 
|  .  .  .  .  |  .  .  .  .  |  .  .  .  .  | 
|  .  .  .  .  |  .  .  .  .  |  .  .  .  .  | 
----------------------------------------------
|  .  .  .  .  |  .  .  .  .  |  .  .  .  .  | 
|  .  .  .  .  |  .  .  .  .  |  .  .  .  .  | 
|  .  .  .  .  |  .  .  .  .  |  .  .  .  .  | 
----------------------------------------------
|  .  .  .  .  |  .  .  .  .  |  .  .  .  .  | 
|  .  .  .  .  |  .  .  .  .  |  .  .  .  .  | 
|  .  .  .  .  |  .  .  .  .  |  .  .  .  .  | 



SOLVED BOARD with heuristic:  Backtracking
Number of Constraint Checks:  7964
Running time:  0.657983975617

|  1  2  3  4  |  5  6  7  8  |  9  10 11 12 | 
|  5  6  7  8  |  9  10 11 12 |  1  2  3  4  | 
|  9  10 11 12 |  1  2  3  4  |  8  5  6  7  | 
----------------------------------------------
|  2  1  4  3  |  6  5  8  9  |  10 12 7  11 | 
|  6  5  8  9  |  7  11 12 10 |  2  1  4  3  | 
|  10 11 12 7  |  2  1  4  3  |  5  8  9  6  | 
----------------------------------------------
|  3  8  1  2  |  4  9  10 11 |  6  7  12 5  | 
|  4  9  10 5  |  12 7  1  6  |  3  11 8  2  | 
|  12 7  6  11 |  8  3  2  5  |  4  9  1  10 | 
----------------------------------------------
|  8  4  9  10 |  3  12 5  7  |  11 6  2  1  | 
|  11 12 2  6  |  10 4  9  1  |  7  3  5  8  | 
|  7  3  5  1  |  11 8  6  2  |  12 4  10 9  | 



SOLVED BOARD with heuristic:  Backtracking + MRV
Number of Constraint Checks:  400
Running time:  0.427508803493

|  1  2  3  4  |  5  6  7  8  |  9  10 11 12 | 
|  5  6  7  8  |  9  10 11 12 |  1  2  3  4  | 
|  9  10 11 12 |  1  2  3  4  |  8  5  6  7  | 
----------------------------------------------
|  2  3  4  1  |  6  9  8  11 |  10 7  12 5  | 
|  6  8  12 10 |  3  5  2  7  |  11 1  4  9  | 
|  11 5  9  7  |  10 4  12 1  |  2  3  8  6  | 
----------------------------------------------
|  3  7  5  9  |  4  11 1  2  |  12 6  10 8  | 
|  12 4  6  2  |  7  8  9  10 |  3  11 5  1  | 
|  8  1  10 11 |  12 3  5  6  |  4  9  7  2  | 
----------------------------------------------
|  10 11 1  6  |  2  12 4  5  |  7  8  9  3  | 
|  4  9  2  5  |  8  7  10 3  |  6  12 1  11 | 
|  7  12 8  3  |  11 1  6  9  |  5  4  2  10 | 



SOLVED BOARD with heuristic:  Backtracking + MRV + fwd
Number of Constraint Checks:  400
Running time:  0.463189315961

|  1  2  3  4  |  5  6  7  8  |  9  10 11 12 | 
|  5  6  7  8  |  9  10 11 12 |  1  2  3  4  | 
|  9  10 11 12 |  1  2  3  4  |  8  5  6  7  | 
----------------------------------------------
|  2  3  4  1  |  6  9  8  11 |  10 7  12 5  | 
|  6  8  12 10 |  3  5  2  7  |  11 1  4  9  | 
|  11 5  9  7  |  10 4  12 1  |  2  3  8  6  | 
----------------------------------------------
|  3  7  5  9  |  4  11 1  2  |  12 6  10 8  | 
|  12 4  6  2  |  7  8  9  10 |  3  11 5  1  | 
|  8  1  10 11 |  12 3  5  6  |  4  9  7  2  | 
----------------------------------------------
|  10 11 1  6  |  2  12 4  5  |  7  8  9  3  | 
|  4  9  2  5  |  8  7  10 3  |  6  12 1  11 | 
|  7  12 8  3  |  11 1  6  9  |  5  4  2  10 | 



SOLVED BOARD with heuristic:  backtrackingMRVcp
Number of Constraint Checks:  54951
Running time:  0.701246177936

|  1  2  3  4  |  5  6  7  8  |  9  10 11 12 | 
|  5  6  7  8  |  9  10 11 12 |  1  2  3  4  | 
|  9  10 11 12 |  1  2  3  4  |  8  5  6  7  | 
----------------------------------------------
|  2  11 4  1  |  6  9  8  3  |  10 7  12 5  | 
|  6  8  12 10 |  11 5  2  7  |  3  1  4  9  | 
|  3  5  9  7  |  10 12 4  1  |  2  11 8  6  | 
----------------------------------------------
|  4  12 2  9  |  7  8  5  6  |  11 3  10 1  | 
|  10 7  5  11 |  12 3  1  2  |  4  6  9  8  | 
|  8  1  6  3  |  4  11 9  10 |  5  12 7  2  | 
----------------------------------------------
|  11 3  8  5  |  2  7  12 9  |  6  4  1  10 | 
|  12 9  1  6  |  3  4  10 5  |  7  8  2  11 | 
|  7  4  10 2  |  8  1  6  11 |  12 9  5  3  | 


********************* game1.txt ********************

INITIAL BOARD: 

|  1  9  .  .  |  11 8  .  .  |  .  10 .  .  | 
|  5  2  10 .  |  .  12 1  .  |  .  8  .  .  | 
|  .  8  3  4  |  .  7  .  9  |  .  1  6  5  | 
----------------------------------------------
|  .  .  9  .  |  4  .  .  5  |  12 6  3  .  | 
|  11 12 8  .  |  3  1  .  .  |  .  9  7  .  | 
|  3  5  4  .  |  9  11 .  .  |  .  .  10 .  | 
----------------------------------------------
|  9  .  2  12 |  .  .  .  .  |  .  .  .  7  | 
|  .  3  .  8  |  .  5  .  7  |  10 .  .  2  | 
|  .  .  .  .  |  1  6  .  10 |  3  .  9  .  | 
----------------------------------------------
|  10 1  .  2  |  .  .  11 8  |  9  .  .  .  | 
|  .  .  11 .  |  .  9  12 6  |  .  .  2  .  | 
|  .  .  5  .  |  10 .  .  .  |  4  .  .  12 | 



SOLVED BOARD with heuristic:  Backtracking
Number of Constraint Checks:  30918
Running time:  1.54588069154

|  1  9  6  7  |  11 8  5  4  |  2  10 12 3  | 
|  5  2  10 11 |  6  12 1  3  |  7  8  4  9  | 
|  12 8  3  4  |  2  7  10 9  |  11 1  6  5  | 
----------------------------------------------
|  2  7  9  1  |  4  10 8  5  |  12 6  3  11 | 
|  11 12 8  10 |  3  1  6  2  |  5  9  7  4  | 
|  3  5  4  6  |  9  11 7  12 |  8  2  10 1  | 
----------------------------------------------
|  9  10 2  12 |  8  3  4  11 |  6  5  1  7  | 
|  6  3  1  8  |  12 5  9  7  |  10 4  11 2  | 
|  4  11 7  5  |  1  6  2  10 |  3  12 9  8  | 
----------------------------------------------
|  10 1  12 2  |  7  4  11 8  |  9  3  5  6  | 
|  8  4  11 3  |  5  9  12 6  |  1  7  2  10 | 
|  7  6  5  9  |  10 2  3  1  |  4  11 8  12 | 



SOLVED BOARD with heuristic:  Backtracking + MRV
Number of Constraint Checks:  76
Running time:  0.108152013734

|  1  9  6  7  |  11 8  5  4  |  2  10 12 3  | 
|  5  2  10 11 |  6  12 1  3  |  7  8  4  9  | 
|  12 8  3  4  |  2  7  10 9  |  11 1  6  5  | 
----------------------------------------------
|  2  7  9  1  |  4  10 8  5  |  12 6  3  11 | 
|  11 12 8  10 |  3  1  6  2  |  5  9  7  4  | 
|  3  5  4  6  |  9  11 7  12 |  8  2  10 1  | 
----------------------------------------------
|  9  10 2  12 |  8  3  4  11 |  6  5  1  7  | 
|  6  3  1  8  |  12 5  9  7  |  10 4  11 2  | 
|  4  11 7  5  |  1  6  2  10 |  3  12 9  8  | 
----------------------------------------------
|  10 1  12 2  |  7  4  11 8  |  9  3  5  6  | 
|  8  4  11 3  |  5  9  12 6  |  1  7  2  10 | 
|  7  6  5  9  |  10 2  3  1  |  4  11 8  12 | 



SOLVED BOARD with heuristic:  Backtracking + MRV + fwd
Number of Constraint Checks:  76
Running time:  0.111743182444

|  1  9  6  7  |  11 8  5  4  |  2  10 12 3  | 
|  5  2  10 11 |  6  12 1  3  |  7  8  4  9  | 
|  12 8  3  4  |  2  7  10 9  |  11 1  6  5  | 
----------------------------------------------
|  2  7  9  1  |  4  10 8  5  |  12 6  3  11 | 
|  11 12 8  10 |  3  1  6  2  |  5  9  7  4  | 
|  3  5  4  6  |  9  11 7  12 |  8  2  10 1  | 
----------------------------------------------
|  9  10 2  12 |  8  3  4  11 |  6  5  1  7  | 
|  6  3  1  8  |  12 5  9  7  |  10 4  11 2  | 
|  4  11 7  5  |  1  6  2  10 |  3  12 9  8  | 
----------------------------------------------
|  10 1  12 2  |  7  4  11 8  |  9  3  5  6  | 
|  8  4  11 3  |  5  9  12 6  |  1  7  2  10 | 
|  7  6  5  9  |  10 2  3  1  |  4  11 8  12 | 



SOLVED BOARD with heuristic:  backtrackingMRVcp
Number of Constraint Checks:  1152
Running time:  0.176297825562

|  1  9  6  7  |  11 8  5  4  |  2  10 12 3  | 
|  5  2  10 11 |  6  12 1  3  |  7  8  4  9  | 
|  12 8  3  4  |  2  7  10 9  |  11 1  6  5  | 
----------------------------------------------
|  2  7  9  1  |  4  10 8  5  |  12 6  3  11 | 
|  11 12 8  10 |  3  1  6  2  |  5  9  7  4  | 
|  3  5  4  6  |  9  11 7  12 |  8  2  10 1  | 
----------------------------------------------
|  9  10 2  12 |  8  3  4  11 |  6  5  1  7  | 
|  6  3  1  8  |  12 5  9  7  |  10 4  11 2  | 
|  4  11 7  5  |  1  6  2  10 |  3  12 9  8  | 
----------------------------------------------
|  10 1  12 2  |  7  4  11 8  |  9  3  5  6  | 
|  8  4  11 3  |  5  9  12 6  |  1  7  2  10 | 
|  7  6  5  9  |  10 2  3  1  |  4  11 8  12 | 


********************* game2.txt ********************

INITIAL BOARD: 

|  .  2  12 .  |  .  .  1  4  |  .  8  .  .  | 
|  .  9  .  .  |  .  2  .  .  |  .  4  1  10 | 
|  10 1  .  .  |  5  .  6  9  |  .  .  .  12 | 
----------------------------------------------
|  .  .  .  .  |  1  7  .  .  |  .  .  .  .  | 
|  9  .  6  .  |  2  .  .  12 |  5  7  .  .  | 
|  4  .  3  .  |  .  .  .  .  |  11 .  2  .  | 
----------------------------------------------
|  .  5  .  12 |  .  .  .  .  |  .  1  .  4  | 
|  .  .  1  2  |  11 .  .  5  |  .  10 .  6  | 
|  .  .  .  .  |  .  .  3  7  |  .  .  .  .  | 
----------------------------------------------
|  12 .  .  .  |  10 3  .  8  |  .  .  6  11 | 
|  1  10 5  .  |  .  .  9  .  |  .  .  12 .  | 
|  .  .  7  .  |  12 5  .  .  |  .  9  10 .  | 



SOLVED BOARD with heuristic:  Backtracking
Number of Constraint Checks:  1754
Running time:  0.106787524671

|  3  2  12 11 |  7  10 1  4  |  6  8  9  5  | 
|  5  9  8  6  |  3  2  12 11 |  7  4  1  10 | 
|  10 1  4  7  |  5  8  6  9  |  2  3  11 12 | 
----------------------------------------------
|  2  12 11 5  |  1  7  8  3  |  10 6  4  9  | 
|  9  8  6  10 |  2  4  11 12 |  5  7  3  1  | 
|  4  7  3  1  |  6  9  5  10 |  11 12 2  8  | 
----------------------------------------------
|  11 5  9  12 |  8  6  10 2  |  3  1  7  4  | 
|  7  3  1  2  |  11 12 4  5  |  9  10 8  6  | 
|  8  6  10 4  |  9  1  3  7  |  12 11 5  2  | 
----------------------------------------------
|  12 4  2  9  |  10 3  7  8  |  1  5  6  11 | 
|  1  10 5  3  |  4  11 9  6  |  8  2  12 7  | 
|  6  11 7  8  |  12 5  2  1  |  4  9  10 3  | 



SOLVED BOARD with heuristic:  Backtracking + MRV
Number of Constraint Checks:  24003
Running time:  22.6216396916

|  3  2  12 11 |  7  10 1  4  |  6  8  9  5  | 
|  5  9  8  6  |  3  2  12 11 |  7  4  1  10 | 
|  10 1  4  7  |  5  8  6  9  |  2  3  11 12 | 
----------------------------------------------
|  2  12 11 5  |  1  7  8  3  |  10 6  4  9  | 
|  9  8  6  10 |  2  4  11 12 |  5  7  3  1  | 
|  4  7  3  1  |  6  9  5  10 |  11 12 2  8  | 
----------------------------------------------
|  11 5  9  12 |  8  6  10 2  |  3  1  7  4  | 
|  7  3  1  2  |  11 12 4  5  |  9  10 8  6  | 
|  8  6  10 4  |  9  1  3  7  |  12 11 5  2  | 
----------------------------------------------
|  12 4  2  9  |  10 3  7  8  |  1  5  6  11 | 
|  1  10 5  3  |  4  11 9  6  |  8  2  12 7  | 
|  6  11 7  8  |  12 5  2  1  |  4  9  10 3  | 



SOLVED BOARD with heuristic:  Backtracking + MRV + fwd
Number of Constraint Checks:  973
Running time:  2.04516446923

|  3  2  12 11 |  7  10 1  4  |  6  8  9  5  | 
|  5  9  8  6  |  3  2  12 11 |  7  4  1  10 | 
|  10 1  4  7  |  5  8  6  9  |  2  3  11 12 | 
----------------------------------------------
|  2  12 11 5  |  1  7  8  3  |  10 6  4  9  | 
|  9  8  6  10 |  2  4  11 12 |  5  7  3  1  | 
|  4  7  3  1  |  6  9  5  10 |  11 12 2  8  | 
----------------------------------------------
|  11 5  9  12 |  8  6  10 2  |  3  1  7  4  | 
|  7  3  1  2  |  11 12 4  5  |  9  10 8  6  | 
|  8  6  10 4  |  9  1  3  7  |  12 11 5  2  | 
----------------------------------------------
|  12 4  2  9  |  10 3  7  8  |  1  5  6  11 | 
|  1  10 5  3  |  4  11 9  6  |  8  2  12 7  | 
|  6  11 7  8  |  12 5  2  1  |  4  9  10 3  | 



SOLVED BOARD with heuristic:  backtrackingMRVcp
Number of Constraint Checks:  28240
Running time:  2.47905201639

|  3  2  12 11 |  7  10 1  4  |  6  8  9  5  | 
|  5  9  8  6  |  3  2  12 11 |  7  4  1  10 | 
|  10 1  4  7  |  5  8  6  9  |  2  3  11 12 | 
----------------------------------------------
|  2  12 11 5  |  1  7  8  3  |  10 6  4  9  | 
|  9  8  6  10 |  2  4  11 12 |  5  7  3  1  | 
|  4  7  3  1  |  6  9  5  10 |  11 12 2  8  | 
----------------------------------------------
|  11 5  9  12 |  8  6  10 2  |  3  1  7  4  | 
|  7  3  1  2  |  11 12 4  5  |  9  10 8  6  | 
|  8  6  10 4  |  9  1  3  7  |  12 11 5  2  | 
----------------------------------------------
|  12 4  2  9  |  10 3  7  8  |  1  5  6  11 | 
|  1  10 5  3  |  4  11 9  6  |  8  2  12 7  | 
|  6  11 7  8  |  12 5  2  1  |  4  9  10 3  | 


********************* game3.txt ********************

INITIAL BOARD: 

|  .  3  .  .  |  11 .  .  .  |  10 .  .  12 | 
|  .  11 .  .  |  .  .  .  .  |  .  .  7  .  | 
|  7  .  .  2  |  .  .  .  9  |  .  .  6  .  | 
----------------------------------------------
|  .  4  .  5  |  .  .  .  .  |  .  6  .  .  | 
|  .  .  7  .  |  4  10 9  12 |  .  5  .  .  | 
|  .  .  11 .  |  .  .  .  .  |  4  .  10 .  | 
----------------------------------------------
|  .  8  .  6  |  .  .  .  .  |  .  11 .  .  | 
|  .  .  3  .  |  10 6  12 4  |  .  7  .  .  | 
|  .  .  5  .  |  .  .  .  .  |  12 .  9  .  | 
----------------------------------------------
|  .  5  .  .  |  9  .  .  .  |  8  .  .  11 | 
|  .  9  .  .  |  .  .  .  .  |  .  .  2  .  | 
|  3  .  .  8  |  .  .  .  7  |  .  .  5  .  | 



SOLVED BOARD with heuristic:  Backtracking
Number of Constraint Checks:  416208
Running time:  21.6367895221

|  1  3  8  9  |  11 5  7  6  |  10 2  4  12 | 
|  5  11 6  12 |  8  2  4  10 |  1  9  7  3  | 
|  7  10 4  2  |  1  12 3  9  |  11 8  6  5  | 
----------------------------------------------
|  10 4  9  5  |  2  1  11 3  |  7  6  12 8  | 
|  8  6  7  3  |  4  10 9  12 |  2  5  11 1  | 
|  12 2  11 1  |  5  7  6  8  |  4  3  10 9  | 
----------------------------------------------
|  4  8  12 6  |  7  9  5  2  |  3  11 1  10 | 
|  9  1  3  11 |  10 6  12 4  |  5  7  8  2  | 
|  2  7  5  10 |  3  8  1  11 |  12 4  9  6  | 
----------------------------------------------
|  6  5  2  7  |  9  4  10 1  |  8  12 3  11 | 
|  11 9  1  4  |  12 3  8  5  |  6  10 2  7  | 
|  3  12 10 8  |  6  11 2  7  |  9  1  5  4  | 



SOLVED BOARD with heuristic:  Backtracking + MRV
Number of Constraint Checks:  1259
Running time:  0.537686214309

|  5  3  9  4  |  11 7  6  1  |  10 2  8  12 | 
|  1  11 6  12 |  8  4  10 2  |  9  3  7  5  | 
|  7  10 8  2  |  5  12 3  9  |  11 1  6  4  | 
----------------------------------------------
|  10 4  1  5  |  3  8  2  11 |  7  6  12 9  | 
|  8  6  7  3  |  4  10 9  12 |  2  5  11 1  | 
|  2  12 11 9  |  7  1  5  6  |  4  8  10 3  | 
----------------------------------------------
|  12 8  10 6  |  1  9  7  5  |  3  11 4  2  | 
|  9  2  3  11 |  10 6  12 4  |  5  7  1  8  | 
|  4  7  5  1  |  2  3  11 8  |  12 10 9  6  | 
----------------------------------------------
|  6  5  4  7  |  9  2  1  10 |  8  12 3  11 | 
|  11 9  12 10 |  6  5  8  3  |  1  4  2  7  | 
|  3  1  2  8  |  12 11 4  7  |  6  9  5  10 | 



SOLVED BOARD with heuristic:  Backtracking + MRV + fwd
Number of Constraint Checks:  138
Running time:  0.206822654835

|  5  3  9  4  |  11 7  6  1  |  10 2  8  12 | 
|  1  11 6  12 |  8  4  10 2  |  9  3  7  5  | 
|  7  10 8  2  |  5  12 3  9  |  11 1  6  4  | 
----------------------------------------------
|  10 4  1  5  |  3  8  2  11 |  7  6  12 9  | 
|  8  6  7  3  |  4  10 9  12 |  2  5  11 1  | 
|  2  12 11 9  |  7  1  5  6  |  4  8  10 3  | 
----------------------------------------------
|  12 8  10 6  |  1  9  7  5  |  3  11 4  2  | 
|  9  2  3  11 |  10 6  12 4  |  5  7  1  8  | 
|  4  7  5  1  |  2  3  11 8  |  12 10 9  6  | 
----------------------------------------------
|  6  5  4  7  |  9  2  1  10 |  8  12 3  11 | 
|  11 9  12 10 |  6  5  8  3  |  1  4  2  7  | 
|  3  1  2  8  |  12 11 4  7  |  6  9  5  10 | 



SOLVED BOARD with heuristic:  backtrackingMRVcp
Number of Constraint Checks:  5059
Running time:  0.302828501946

|  5  3  9  4  |  11 7  6  1  |  10 2  8  12 | 
|  1  11 6  12 |  8  4  10 2  |  9  3  7  5  | 
|  7  10 8  2  |  5  12 3  9  |  11 1  6  4  | 
----------------------------------------------
|  10 4  1  5  |  3  8  2  11 |  7  6  12 9  | 
|  8  6  7  3  |  4  10 9  12 |  2  5  11 1  | 
|  2  12 11 9  |  7  1  5  6  |  4  8  10 3  | 
----------------------------------------------
|  12 8  10 6  |  1  9  7  5  |  3  11 4  2  | 
|  9  2  3  11 |  10 6  12 4  |  5  7  1  8  | 
|  4  7  5  1  |  2  3  11 8  |  12 10 9  6  | 
----------------------------------------------
|  6  5  12 7  |  9  2  1  10 |  8  4  3  11 | 
|  11 9  4  10 |  6  5  8  3  |  1  12 2  7  | 
|  3  1  2  8  |  12 11 4  7  |  6  9  5  10 | 

>>> 
