Backtracking:
Execution Time: 0.19
Consistency Checks: 16453
Solution: [[3, 2, 4, 5, 6, 9, 7, 8, 1], [6, 8, 5, 2, 7, 1, 4, 9, 3], [1, 9, 7, 8, 3, 4, 5, 6, 2], [8, 6, 2, 1, 9, 5, 3, 4, 7], [4, 7, 3, 6, 8, 2, 9, 1, 5], [9, 5, 1, 7, 4, 3, 6, 2, 8], [5, 1, 9, 3, 2, 6, 8, 7, 4], [2, 4, 8, 9, 5, 7, 1, 3, 6], [7, 3, 6, 4, 1, 8, 2, 5, 9]]

backtrackingMRV:
Execution Time: 0.0
Consistency Checks: 97
Solution: [[3, 2, 4, 5, 6, 9, 7, 8, 1], [6, 8, 5, 2, 7, 1, 4, 9, 3], [1, 9, 7, 8, 3, 4, 5, 6, 2], [8, 6, 2, 1, 9, 5, 3, 4, 7], [4, 7, 3, 6, 8, 2, 9, 1, 5], [9, 5, 1, 7, 4, 3, 6, 2, 8], [5, 1, 9, 3, 2, 6, 8, 7, 4], [2, 4, 8, 9, 5, 7, 1, 3, 6], [7, 3, 6, 4, 1, 8, 2, 5, 9]]

backtrackingMRVfwd:
Execution Time: 0.01
Consistency Checks: 94
Solution: [[3, 2, 4, 5, 6, 9, 7, 8, 1], [6, 8, 5, 2, 7, 1, 4, 9, 3], [1, 9, 7, 8, 3, 4, 5, 6, 2], [8, 6, 2, 1, 9, 5, 3, 4, 7], [4, 7, 3, 6, 8, 2, 9, 1, 5], [9, 5, 1, 7, 4, 3, 6, 2, 8], [5, 1, 9, 3, 2, 6, 8, 7, 4], [2, 4, 8, 9, 5, 7, 1, 3, 6], [7, 3, 6, 4, 1, 8, 2, 5, 9]]

backtrackingMRVcp:
Execution Time: 0.01
Consistency Checks: 59
Solution: [[3, 2, 4, 5, 6, 9, 7, 8, 1], [6, 8, 5, 2, 7, 1, 4, 9, 3], [1, 9, 7, 8, 3, 4, 5, 6, 2], [8, 6, 2, 1, 9, 5, 3, 4, 7], [4, 7, 3, 6, 8, 2, 9, 1, 5], [9, 5, 1, 7, 4, 3, 6, 2, 8], [5, 1, 9, 3, 2, 6, 8, 7, 4], [2, 4, 8, 9, 5, 7, 1, 3, 6], [7, 3, 6, 4, 1, 8, 2, 5, 9]]

minConflict:
Execution Time: 0.0
Consistency Checks: 0
Solution: [[]]

